[INFO|test_domain|L298] 2026-08-06T09:52:48+0200: eta1-eta3 array evaluation, shape: [[[2.20000000e+00 2.20000000e+00 2.20000000e+00 2.20000000e+00
   2.20000000e+00 2.20000000e+00]
  [1.96444444e+00 1.96444444e+00 1.96444444e+00 1.96444444e+00
   1.96444444e+00 1.96444444e+00]
  [1.68444444e+00 1.68444444e+00 1.68444444e+00 1.68444444e+00
   1.68444444e+00 1.68444444e+00]
  [1.36000000e+00 1.36000000e+00 1.36000000e+00 1.36000000e+00
   1.36000000e+00 1.36000000e+00]]

 [[0.00000000e+00 0.00000000e+00 0.00000000e+00 0.00000000e+00
   0.00000000e+00 0.00000000e+00]
  [4.44138572e-17 4.44138572e-17 4.44138572e-17 4.44138572e-17
   4.44138572e-17 4.44138572e-17]
  [8.88277145e-17 8.88277145e-17 8.88277145e-17 8.88277145e-17
   8.88277145e-17 8.88277145e-17]
  [1.33241572e-16 1.33241572e-16 1.33241572e-16 1.33241572e-16
   1.33241572e-16 1.33241572e-16]]

 [[0.00000000e+00 6.00000000e-01 1.20000000e+00 1.80000000e+00
   2.40000000e+00 3.00000000e+00]
  [0.00000000e+00 6.00000000e-01 1.20000000e+00 1.80000000e+00
   2.40000000e+00 3.00000000e+00]
  [0.00000000e+00 6.00000000e-01 1.20000000e+00 1.80000000e+00
   2.40000000e+00 3.00000000e+00]
  [0.00000000e+00 6.00000000e-01 1.20000000e+00 1.80000000e+00
   2.40000000e+00 3.00000000e+00]]]
[INFO|test_domain|L307] 2026-08-06T09:52:48+0200: eta2-eta3 array evaluation, shape: [[[ 2.47000000e+00  2.47000000e+00  2.47000000e+00  2.47000000e+00
    2.47000000e+00  2.47000000e+00]
  [ 2.09644464e+00  2.09644464e+00  2.09644464e+00  2.09644464e+00
    2.09644464e+00  2.09644464e+00]
  [ 1.83000000e+00  1.83000000e+00  1.83000000e+00  1.83000000e+00
    1.83000000e+00  1.83000000e+00]
  [ 2.09644464e+00  2.09644464e+00  2.09644464e+00  2.09644464e+00
    2.09644464e+00  2.09644464e+00]
  [ 2.47000000e+00  2.47000000e+00  2.47000000e+00  2.47000000e+00
    2.47000000e+00  2.47000000e+00]]

 [[ 0.00000000e+00  0.00000000e+00  0.00000000e+00  0.00000000e+00
    0.00000000e+00  0.00000000e+00]
  [ 5.44000000e-01  5.44000000e-01  5.44000000e-01  5.44000000e-01
    5.44000000e-01  5.44000000e-01]
  [ 6.66207859e-17  6.66207859e-17  6.66207859e-17  6.66207859e-17
    6.66207859e-17  6.66207859e-17]
  [-5.44000000e-01 -5.44000000e-01 -5.44000000e-01 -5.44000000e-01
   -5.44000000e-01 -5.44000000e-01]
  [-1.33241572e-16 -1.33241572e-16 -1.33241572e-16 -1.33241572e-16
   -1.33241572e-16 -1.33241572e-16]]

 [[ 0.00000000e+00  6.00000000e-01  1.20000000e+00  1.80000000e+00
    2.40000000e+00  3.00000000e+00]
  [ 0.00000000e+00  6.00000000e-01  1.20000000e+00  1.80000000e+00
    2.40000000e+00  3.00000000e+00]
  [ 0.00000000e+00  6.00000000e-01  1.20000000e+00  1.80000000e+00
    2.40000000e+00  3.00000000e+00]
  [ 0.00000000e+00  6.00000000e-01  1.20000000e+00  1.80000000e+00
    2.40000000e+00  3.00000000e+00]
  [ 0.00000000e+00  6.00000000e-01  1.20000000e+00  1.80000000e+00
    2.40000000e+00  3.00000000e+00]]]
[INFO|test_domain|L316] 2026-08-06T09:52:48+0200: eta1-eta2-eta3-array evaluation, shape: [[[[ 2.20000000e+00  2.20000000e+00  2.20000000e+00  2.20000000e+00
     2.20000000e+00  2.20000000e+00]
   [ 2.20000000e+00  2.20000000e+00  2.20000000e+00  2.20000000e+00
     2.20000000e+00  2.20000000e+00]
   [ 2.20000000e+00  2.20000000e+00  2.20000000e+00  2.20000000e+00
     2.20000000e+00  2.20000000e+00]
   [ 2.20000000e+00  2.20000000e+00  2.20000000e+00  2.20000000e+00
     2.20000000e+00  2.20000000e+00]
   [ 2.20000000e+00  2.20000000e+00  2.20000000e+00  2.20000000e+00
     2.20000000e+00  2.20000000e+00]]

  [[ 2.39111111e+00  2.39111111e+00  2.39111111e+00  2.39111111e+00
     2.39111111e+00  2.39111111e+00]
   [ 2.15391291e+00  2.15391291e+00  2.15391291e+00  2.15391291e+00
     2.15391291e+00  2.15391291e+00]
   [ 1.96444444e+00  1.96444444e+00  1.96444444e+00  1.96444444e+00
     1.96444444e+00  1.96444444e+00]
   [ 2.15391291e+00  2.15391291e+00  2.15391291e+00  2.15391291e+00
     2.15391291e+00  2.15391291e+00]
   [ 2.39111111e+00  2.39111111e+00  2.39111111e+00  2.39111111e+00
     2.39111111e+00  2.39111111e+00]]

  [[ 2.53777778e+00  2.53777778e+00  2.53777778e+00  2.53777778e+00
     2.53777778e+00  2.53777778e+00]
   [ 2.01625083e+00  2.01625083e+00  2.01625083e+00  2.01625083e+00
     2.01625083e+00  2.01625083e+00]
   [ 1.68444444e+00  1.68444444e+00  1.68444444e+00  1.68444444e+00
     1.68444444e+00  1.68444444e+00]
   [ 2.01625083e+00  2.01625083e+00  2.01625083e+00  2.01625083e+00
     2.01625083e+00  2.01625083e+00]
   [ 2.53777778e+00  2.53777778e+00  2.53777778e+00  2.53777778e+00
     2.53777778e+00  2.53777778e+00]]

  [[ 2.64000000e+00  2.64000000e+00  2.64000000e+00  2.64000000e+00
     2.64000000e+00  2.64000000e+00]
   [ 1.78880000e+00  1.78880000e+00  1.78880000e+00  1.78880000e+00
     1.78880000e+00  1.78880000e+00]
   [ 1.36000000e+00  1.36000000e+00  1.36000000e+00  1.36000000e+00
     1.36000000e+00  1.36000000e+00]
   [ 1.78880000e+00  1.78880000e+00  1.78880000e+00  1.78880000e+00
     1.78880000e+00  1.78880000e+00]
   [ 2.64000000e+00  2.64000000e+00  2.64000000e+00  2.64000000e+00
     2.64000000e+00  2.64000000e+00]]]


 [[[ 0.00000000e+00  0.00000000e+00  0.00000000e+00  0.00000000e+00
     0.00000000e+00  0.00000000e+00]
   [ 0.00000000e+00  0.00000000e+00  0.00000000e+00  0.00000000e+00
     0.00000000e+00  0.00000000e+00]
   [ 0.00000000e+00  0.00000000e+00  0.00000000e+00  0.00000000e+00
     0.00000000e+00  0.00000000e+00]
   [ 0.00000000e+00  0.00000000e+00  0.00000000e+00  0.00000000e+00
     0.00000000e+00  0.00000000e+00]
   [ 0.00000000e+00  0.00000000e+00  0.00000000e+00  0.00000000e+00
     0.00000000e+00  0.00000000e+00]]

  [[ 0.00000000e+00  0.00000000e+00  0.00000000e+00  0.00000000e+00
     0.00000000e+00  0.00000000e+00]
   [ 3.62666667e-01  3.62666667e-01  3.62666667e-01  3.62666667e-01
     3.62666667e-01  3.62666667e-01]
   [ 4.44138572e-17  4.44138572e-17  4.44138572e-17  4.44138572e-17
     4.44138572e-17  4.44138572e-17]
   [-3.62666667e-01 -3.62666667e-01 -3.62666667e-01 -3.62666667e-01
    -3.62666667e-01 -3.62666667e-01]
   [-8.88277145e-17 -8.88277145e-17 -8.88277145e-17 -8.88277145e-17
    -8.88277145e-17 -8.88277145e-17]]

  [[ 0.00000000e+00  0.00000000e+00  0.00000000e+00  0.00000000e+00
     0.00000000e+00  0.00000000e+00]
   [ 7.25333333e-01  7.25333333e-01  7.25333333e-01  7.25333333e-01
     7.25333333e-01  7.25333333e-01]
   [ 8.88277145e-17  8.88277145e-17  8.88277145e-17  8.88277145e-17
     8.88277145e-17  8.88277145e-17]
   [-7.25333333e-01 -7.25333333e-01 -7.25333333e-01 -7.25333333e-01
    -7.25333333e-01 -7.25333333e-01]
   [-1.77655429e-16 -1.77655429e-16 -1.77655429e-16 -1.77655429e-16
    -1.77655429e-16 -1.77655429e-16]]

  [[ 0.00000000e+00  0.00000000e+00  0.00000000e+00  0.00000000e+00
     0.00000000e+00  0.00000000e+00]
   [ 1.08800000e+00  1.08800000e+00  1.08800000e+00  1.08800000e+00
     1.08800000e+00  1.08800000e+00]
   [ 1.33241572e-16  1.33241572e-16  1.33241572e-16  1.33241572e-16
     1.33241572e-16  1.33241572e-16]
   [-1.08800000e+00 -1.08800000e+00 -1.08800000e+00 -1.08800000e+00
    -1.08800000e+00 -1.08800000e+00]
   [-2.66483143e-16 -2.66483143e-16 -2.66483143e-16 -2.66483143e-16
    -2.66483143e-16 -2.66483143e-16]]]


 [[[ 0.00000000e+00  6.00000000e-01  1.20000000e+00  1.80000000e+00
     2.40000000e+00  3.00000000e+00]
   [ 0.00000000e+00  6.00000000e-01  1.20000000e+00  1.80000000e+00
     2.40000000e+00  3.00000000e+00]
   [ 0.00000000e+00  6.00000000e-01  1.20000000e+00  1.80000000e+00
     2.40000000e+00  3.00000000e+00]
   [ 0.00000000e+00  6.00000000e-01  1.20000000e+00  1.80000000e+00
     2.40000000e+00  3.00000000e+00]
   [ 0.00000000e+00  6.00000000e-01  1.20000000e+00  1.80000000e+00
     2.40000000e+00  3.00000000e+00]]

  [[ 0.00000000e+00  6.00000000e-01  1.20000000e+00  1.80000000e+00
     2.40000000e+00  3.00000000e+00]
   [ 0.00000000e+00  6.00000000e-01  1.20000000e+00  1.80000000e+00
     2.40000000e+00  3.00000000e+00]
   [ 0.00000000e+00  6.00000000e-01  1.20000000e+00  1.80000000e+00
     2.40000000e+00  3.00000000e+00]
   [ 0.00000000e+00  6.00000000e-01  1.20000000e+00  1.80000000e+00
     2.40000000e+00  3.00000000e+00]
   [ 0.00000000e+00  6.00000000e-01  1.20000000e+00  1.80000000e+00
     2.40000000e+00  3.00000000e+00]]

  [[ 0.00000000e+00  6.00000000e-01  1.20000000e+00  1.80000000e+00
     2.40000000e+00  3.00000000e+00]
   [ 0.00000000e+00  6.00000000e-01  1.20000000e+00  1.80000000e+00
     2.40000000e+00  3.00000000e+00]
   [ 0.00000000e+00  6.00000000e-01  1.20000000e+00  1.80000000e+00
     2.40000000e+00  3.00000000e+00]
   [ 0.00000000e+00  6.00000000e-01  1.20000000e+00  1.80000000e+00
     2.40000000e+00  3.00000000e+00]
   [ 0.00000000e+00  6.00000000e-01  1.20000000e+00  1.80000000e+00
     2.40000000e+00  3.00000000e+00]]

  [[ 0.00000000e+00  6.00000000e-01  1.20000000e+00  1.80000000e+00
     2.40000000e+00  3.00000000e+00]
   [ 0.00000000e+00  6.00000000e-01  1.20000000e+00  1.80000000e+00
     2.40000000e+00  3.00000000e+00]
   [ 0.00000000e+00  6.00000000e-01  1.20000000e+00  1.80000000e+00
     2.40000000e+00  3.00000000e+00]
   [ 0.00000000e+00  6.00000000e-01  1.20000000e+00  1.80000000e+00
     2.40000000e+00  3.00000000e+00]
   [ 0.00000000e+00  6.00000000e-01  1.20000000e+00  1.80000000e+00
     2.40000000e+00  3.00000000e+00]]]]
[INFO|test_domain|L330] 2026-08-06T09:52:48+0200: eta1-eta2 matrix evaluation, shape: (3, 4, 5)
[INFO|test_domain|L339] 2026-08-06T09:52:48+0200: eta1-eta3 matrix evaluation, shape: (3, 4, 6)
[INFO|test_domain|L348] 2026-08-06T09:52:48+0200: eta2-eta3 matrix evaluation, shape: (3, 5, 6)
[INFO|test_domain|L223] 2026-08-06T09:52:48+0200: 
[INFO|test_domain|L224] 2026-08-06T09:52:48+0200: Testing "evaluate"...
[INFO|test_domain|L225] 2026-08-06T09:52:48+0200: array shapes: (4,) (5,) (6,) (10, 8)
[INFO|equils|L2388] 2026-08-06T09:52:48+0200: Simulation aborted, desc-opt must be installed!
[INFO|equils|L2389] 2026-08-06T09:52:48+0200: Install with:
pip install desc-opt
